$ANSIBLE_VAULT;1.1;AES256
32633636316265376338323965323664303132373536376530643164303035653535663337333961
3234373463653731653237653736653733313931653437660a623931663335653530306630653536
34656638333062356561363331313932353939623665376538626139643032333165313632616332
6139316161393735380a376133663635623063613035653864306363356563396532383530663261
33323237643963323834623333333261353230383163393036363637393166383638343636656330
61373334316465666438636236373334353861323462613263623738366665613031623836663530
36393661383466336161346233373064313065383063613666636135336435366363316339626237
31323563306161663365623439323637343164666632346330336438653363323535316238626630
33383466643861646162326533343038303933316463616363646264366365643066323061616464
39626631396662373933383066633631336166393433356234386131616232363639613339613332
62303935663766363766313166643363623966636261346232653166313630336539636637653263
33386163623639323566616233656230316431313464343231616564353239623539323337356439
37333232656632336633383234366233383261366663623934316133623231343434393862396432
33373135393133623839303233346531346538353566656138333763613535366638326433336364
32346663356633633961396636333632353963613063663161393961323638313232666436373161
66663835663230633764396463313531313938623931613531336238323763633661373762373533
34393035343364383562313964636335306165653132643763663962356365663133613162643332
63383061306136313935363233313161333530636666623231383537653536383861306364306639
38326135633231306462623235383564613564666161633133653066343061373364383863356339
36333935666539343639353535396538333932613664666431633430316463646334326431323137
31656330633364643031353831623834386439663036666534323562386164666335306239623839
33346237666539393164623966353964336166626137613133326461646632656337313062633964
38326633386233643135383866623231386139373262623334356138613637346633386332366432
32333966623461613138666430346532663634626466633163643334636332346638363439373239
32316364393963373663653965373037313935363531326432336666306232643435323561626339
32313331613337326264343638353435643866326263333530623332393939633833656165663263
66643534383930383464643738353135313738666237376431373630356463316363353561363433
31666330623861396332626134363630663334383163643932333461396430353231646132643565
31343066356239616334336631663661313533336433303061373534353937383935353239373362
31613138383335313466623533353030333561373563633061303864383335626364373133666364
30663661623733633664653338633737653432336165376430336434376265333762393038623338
33326236366666336237333636376336303134613336353530333839653530353831646163396534
36306639613463323033626337326561363632333432356630666334623135343736323934396336
32306261393739303132343036323631303565343531616239353935373662303766653862313366
30363763326239383338646665666131663631326463343261313131366164313563393563643431
63623662626564323966333131313732653830363333616639383262376337366364656634343462
33643937346235336564303933663237313264373063366335376661373431383063663663653732
35663333643036666266326639363363323032396335326133363536643362653764313265666565
61616233316439373332636231663665373563353533323266376235363362333565346465663433
66363838633532333161323636303535613337303739393937333937373834343361303962616466
64326433663538386363653266663931373939333935366234343239363262376330336165346565
30343032303862663034346431343133646137326535623762386434643838396136396231383962
66396461353764323631373261663966633833353566343466346438643232373961363966343733
38396534633264643831363936393332386335386538393865306462343931363764306566313064
61326238323462353337616362626131326335643936646433313865633337386437666135306638
61343966356562363639323931393630343135646562373939663030636162653661336535643232
30653763333237616166396432366162333033343638643764396532303633616231663063623165
65623130623533376230386532336433346662333239623964393561663739653033353330356533
35343439356466616261303665376664353963343233363762653462613534323034333365346338
64663563653638643731663237383236643631303665306665306534623133303634313632363261
37303262653937353432383335613461386136663733613731303638336138633736613962363962
30653635373633343765636465666233663164626666366139323662313736363530626633376232
62626232383765366333646565333765366264353633663530306265616633386632666165633866
61646432333862363266366465633464666663323230333431313963373638373330623537323161
63386330313535316636653831323534353239386664373334636638343338393363613032333465
37623434373466636232623362313730646637346538663839333935623931323134303631636133
34646335396135323262636534643364376132643061663635386661386638643666646163393932
39316330613733313339623130633434303466316264613032656266643664653935646333376636
32306562623832303863613264363234363062633734623663306563396433323661373535386535
31373066333530323934623437373936393235626339333432666430333133393339623135633438
66613566313964636234623266363066333035303432303764386163626565343035333565373534
63623262373338613832366334663532393066623365353231616462373466663964643832643537
36396262336435373537663637653862343161306162663635376565353734336134333531616665
39333265383066323235353165333465313266653038326161306665656334386132623062373366
61323664353138373862326432616333373334333736346535373835653737373638303637336638
61373136366631323963643133303162633739306438353131333530623737386335333035386430
63306232666233646233623735656338636136363263366531646434363439306137663461303634
31363238326138393035356232396432623934646137633066623732643764303037303632653039
63363538303865313637663431323036336432373830386464303735363534653731376231306231
62663035366538316462666661346533373832346266353734616230613735343964306437336565
37636531633163643336656538363839626238303236663063633432303161633237663935373333
33613536636230343137666234316230356430346436646561633262393364303232663562623733
36373666613761633339343434333362643561383738653138353565303262303362646433323536
65323934373936616163326166663038386136353731356332366465373735313766363661616435
30626133336131303064303730316530393964613832666336343663373839373135646264383236
61663061613563333863366137386433303262643964366161623463313833623635373737646566
66313738656432613233386230653231383130313664373962393535366134613933376336343434
64306663373730383130653664653337363639376565373335336433326534383136323064373064
65646133666163643736333432363532616135363435343466653330396566396232356237633837
39653330333236636162633137633034306230633832613334626532663365646363663832633530
32333964306331316566343762643865643366393833626630626664613832383937653937386537
65643566386535646462306161326661613131343538623739303737316264616366343130353736
36303364323364646163333233306264326334316336343262316339303932353161343363356232
32356561363635666238383537653061306166376334653638383234613666626232356635376130
39626435623837393233313266633136663761616563666463333032663634386261316539316430
64623061336665373339323737663131326332623430386434633963656537343132343038663731
39626164343830343438653662666134613063333836636435306232343434663636313336623237
64303766336138373335313362386663376632343763653634386631363466376561393264333138
63376465303663323236646636643766363738323361646230323564326632346339316335353966
64366263636562613834336431346535653431353166636239326666303637303632323135316532
30383863383866396336346435346666373863393362613133336566626665333134663562323231
61396662346532666337393265396131316336346438316330303665313661666135303763663565
30356564393138646161636231333166653632396630323039313838393930613965653761643561
65643937373635613232336437313637333939363361653038306134643138613764363636376564
33666436633363623163376230616639353332663261356163376334316638616332373862396437
37633463653463376361353834326161626566386234656566306466313866633265363064303933
62626138633434343639303932323734363761646564336666313463323732623462316561613433
35653162376138663432353634366531313637666166623065666231616364356332656430623830
61393561623230373330376461343362343866323437626361663333366635333537323132366166
32383265353361626161343161666234626533366536666431316231636265393837323865333838
36326231613661376134613766663030623439306636646232623062373533376339616666363065
34353936333338303735653831316436633435346433666333666230383066333965373838616536
30666432323764616437663437326235646465353731313237323233373933626561326436333432
61323164656130343463366433383130316563366630303966623233663731356639386666666535
65346362653437373034633362383230393831303437373139306438396333313332653334313234
38376361316132396539653930343437336661376165386332633364393039393031646563623836
33633766363065336666633033663037643736663332363633623837613263666538383032386635
65393734636563316162313230666664616439333061353262396632393431323032386562663561
31666233303562643236313633373161366435663736346265303639343463626431323037623463
61343466623839356533336330626665643034376137633866306439343832306239383635613135
30393166663665396634626631343665666134656338366365313665373835653730393537393434
62336234663537336633316330326139303735376562346133333864316261613563633238363436
37656331383661653036313463353831313637396536343539376565343436343333333035653165
34366331663535376334643934396432336361653533666439313664326638356665393662326536
33373735386162666637346434356636623234376563353830303131396665336334373334643332
62663035666663643334643364313038613430303466623261313437353830343633353764616530
38323630356132393165666636393437643561396465386533633935396265323436333931353363
63633039313230613561343135633638336633333635353164396561616633396235363563663237
37333362346537393666613433393162613965386636626666326530626631636333623065643564
30393664333566613663393537613735373764643533316637333330653732653930623834323535
39306561663138373936633036663535353038666362633839373365616266316138373339636330
34323936303636616366316635663039313430373534306436623734653938373336656139306661
32616434656339333233323161383235336537386234626264383464623430333562346138343036
64616561636536333233386637383331643331613135656238313461393735613038353638376137
64356665636262313464613730663965646136393232666563376131333431333634363438356536
37626638323262363433643536376132363537373837323239393235653961396336333766656639
66643733643233343565633061616662356530663765396339383365383731376664336663333133
64653639333732316266373765646666323636663939646131393436346437623039313837326136
65383463336636343535313334306361663434663666666261383532613732313336383734303938
61656330396133656563323766316433613334343062326131376564346332643466396339363165
63343366343030616261383337613332343539366264313834633764303264303864633861626438
34313561333465316133376165663330323936666261643037356132613537653261653132323730
31623834666362656131346635663038346362623138643632663838653931633530306264623264
36343538326130636465343962633132343433333766366433353061306332633730333139363266
35643966376166313066613832363061373635366261643933346239643361633364663231373532
32316264623063636631323935376132333536353163616165316136303230346134643365323135
34363538323935356639323936393732353666613537366337623431326166343561663331333433
38333736653465333532396463356263633531323766316138383965373536386538663132663033
63653963643134366637383162616662323136356334633332643363363738623765373865363636
33386266383335663731396132343739393335303164613638666365356666333264643066636365
35333061346461333838303431633064323931663961653864393261366430383366346537303966
33633630326565303763383736383739383234613961383734613830623263653233353231386534
38393063326263666235363738643436386637383134396639336232343364353234393931633763
32666533653063363263643666643064363738356237633735623661646161343064343631366361
38353336613933326535306365373835333363623164333764613364383334373862616639343438
37303731613934373033653835353463373763303031393361363666636333313532613064653634
31333262316533303366336533343162663265613463626662346233633938313462306131393661
32633136383066366264343736343235636136303933323334383939393162653439353465393232
36393537663065336566363966616436343666613533343862623962373731323134393633366263
34353665393734623566323838313436326337656138323362386539353163346435623933383464
64663630343662336261343737663339643563323766386538646361303338333264323037656134
37653934623862313433343638343238306465633763326362643938396336663535366633303534
66666136646662363338353234373864343538336565623466343561656161316431636439383638
62653131666636336133666662343532646662386561356364623639343434376230363866323738
38393937613235366135653063333561666333303835356136646135356530353262373732346335
35316135663137636631333965376363323065623762386365366238656132343665383237616437
64633038616139333035363532393034626338346563316239343862333233616561323439626637
34643536613966333830336338663235653037343466336132643162666439326564306164623163
30396635626635373162313533383063363966303962303639396564313736356666613065616632
37653366353565663834636436646232373166326465376238393737303139613736663331326131
34643235316132323461313435343664373830303164316534326534303138663864373432303133
36616135613436373030376365326632643435626533383539633631653634363162323133356633
65626435386366373963346566306339353766376366303463623166393139383332373961313431
33393331353264636337666362313830393661376632333561643263306639366363646530666237
30303136316534643131333035633833396462346633383238396433376161323238303665316461
64623939303532306432343631616439396136396234363831306162616131326562396533653535
35326663663032396232393532356666623366316265306137653134373361343964646237306661
61313962326438366636363432636138396238613839663262653463303963653338613634666261
36616439336163376639643737393761386262646432313239393539346364653861313161346563
32316666613735333837636630323964313363383961323532636236376465336230363530333162
64313961326433343335373339613039333165643736303332623832313562303332386166346431
61393361393161356263383165383064653539383038363437326632646631623435313633353461
62313436633234356239613265663230666533353730636631346239663062366133336135653766
30616362666137313537326363393531656635336239623462623039316437653632653734636632
63346432626234336333616437366463353135613931373839343135353430373333396137393166
64663833336231663261313964356634363930643634383036303063353762346461306631333335
39303534346635353635356535393338666361356366393437303239663833323735353262383566
66313365656264363535336431393564636139653734353239666463356434306663396432653466
36323661666464376139353865323033313439393630333538663631666538353530343064366436
34613930313338646563666232363037666231396338353563646364356362316339653239643733
37353963326537353330353039643338366132336565326331353833613431313735346538333136
64376534393530323766313332383136666633383130346436343861343163353833313138653763
31623037363236396663373830353438383062326164393062376462393238396336643133386436
63336465333635343063333639623136636132303232353863623433366536633138376234356335
36623735636262376161373939366566363635663434666362343662626366323132
